road,1,0,0,0
road,1,0,299,0
road,2,0,415,90
road,1,130,416,90
road,2,1,-293,180
road,1,121,-353,90
road,1,419,-353,90
road,2,712,-293,270
road,2,713,-167,360
road,2,595,-106,180
road,2,537,22,360
road,2,410,21,90
road,2,351,-105,270
road,2,233,-104,180
road,1,233,192,360
road,2,233,318,90
road,2,362,318,360
road,2,423,191,180
road,2,550,191,270
road,2,610,320,90
road,2,737,321,360
road,1,797,193,0
road,2,797,-61,180
road,2,925,-61,270
road,1,986,236,0
road,1,986,338,0
road,2,926,427,0
road,2,858,486,180
road,2,799,612,360
road,1,503,611,90
road,2,376,611,90
road,2,315,475,270
gate,0,4,343,0
gate,1,309,415,90
gate,2,377,481,0
gate,3,803,610,90
gate,4,989,347,0
gate,5,923,-123,90
gate,6,799,250,0
gate,7,614,254,0
gate,8,542,132,90
gate,9,353,315,90
gate,10,236,-150,0
gate,11,412,-155,0
gate,12,542,21,90
gate,13,715,-167,90
gate,14,713,-352,90
gate,15,0,-290,0
tree,1,-188,-151
tree,2,321,100
tree,2,666,97
tree,3,936,-290
tree,3,1114,-23
tree,3,317,-472
tree,2,-256,98
tree,2,538,486
tree,1,84,254
tree,1,-206,335
tree,1,-139,500
tree,1,105,646
tree,2,994,601
tree,2,1095,240
tree,3,308,768
tree,3,539,782
tree,3,839,794
tree,2,1017,747
tree,2,870,176
tree,3,703,489
tree,3,1136,391
tree,3,1144,617
tree,3,492,-206
tree,2,101,21
tree,2,102,-201
tree,2,1208,75
tree,1,-18,-427
tree,1,720,-489
tree,1,519,-487
tree,1,122,-598
tree,1,582,-742
tree,1,959,-556
tree,1,1134,-317
tree,1,1295,311
tree,1,1326,564
tree,1,709,999
tree,1,426,941
tree,1,77,821
tree,1,-349,591
tree,1,-92,674
tree,1,-423,249
tree,1,-427,5
tree,1,-427,-295
tree,1,-282,-667
tree,1,-222,-407
tree,1,325,-786
name,Twists and Turns
ground,111,139,255
laps,5